[gd_scene load_steps=7 format=3 uid="uid://btwqobq0bbb6t"]

[ext_resource type="Script" path="res://scripts/main.gd" id="1_3stqs"]
[ext_resource type="Script" path="res://scripts/character_3d.gd" id="1_6ogj3"]
[ext_resource type="PackedScene" uid="uid://gh5404k8v43s" path="res://assets/Chad_061122.Fbx" id="2_bbi1k"]
[ext_resource type="PackedScene" uid="uid://b6tjcg1pbdxxk" path="res://scenes/customization_panel_3d.tscn" id="3_n4h16"]
[ext_resource type="Script" path="res://scripts/camera_3d.gd" id="4_pid2m"]

[sub_resource type="Environment" id="Environment_mjfax"]
background_mode = 1
background_color = Color(0.14175, 0.371899, 0.3204, 1)
tonemap_mode = 3
ssao_enabled = true
ssao_radius = 0.5
ssao_intensity = 1.0
glow_enabled = true
glow_intensity = 0.2
glow_bloom = 0.1

[node name="Main" type="Node3D"]
script = ExtResource("1_3stqs")

[node name="Character3D" type="CharacterBody3D" parent="."]
script = ExtResource("1_6ogj3")

[node name="CollisionShape3D" type="CollisionShape3D" parent="Character3D"]

[node name="CharacterContainer" type="Node3D" parent="Character3D"]

[node name="CharacterModel" parent="Character3D/CharacterContainer" instance=ExtResource("2_bbi1k")]

[node name="Camera3D" type="Camera3D" parent="." groups=["main_camera"]]
transform = Transform3D(1, 0, 0, 0, 1, 0, 0, 0, 1, 0, 1.5, 3)
current = true
script = ExtResource("4_pid2m")

[node name="WorldEnvironment" type="WorldEnvironment" parent="Camera3D"]
environment = SubResource("Environment_mjfax")

[node name="KeyLight" type="DirectionalLight3D" parent="."]
transform = Transform3D(0.866025, -0.353553, 0.353553, 0, 0.707107, 0.707107, -0.5, -0.612372, 0.612372, 2, 2, 2)
light_color = Color(1, 0.95, 0.9, 1)
light_energy = 2.0
shadow_enabled = true

[node name="FillLight" type="DirectionalLight3D" parent="."]
transform = Transform3D(0.707107, 0.353553, -0.612372, 0, 0.866025, 0.5, 0.707107, -0.353553, 0.612372, -1.5, 1, 1.5)
light_color = Color(0.9, 0.95, 1, 1)
light_energy = 0.5

[node name="RimLight" type="DirectionalLight3D" parent="."]
transform = Transform3D(-1, -6.18172e-08, -6.18172e-08, 0, 0.707107, -0.707107, 8.74228e-08, -0.707107, -0.707107, 0, 1.5, -2)

[node name="CanvasLayer" type="CanvasLayer" parent="."]

[node name="CustomizationPanel3D" parent="CanvasLayer" instance=ExtResource("3_n4h16")]
